3
1000 108 162
-0.055 0.781375 1.56148 
-0.055 0.187451 0.442478 
-0.055 0.847832 1.81723 
-0.015 0.618243 1.82896 
-0.015 0.414808 0.5666600000000001 
-0.015 0.486021 1.82321 
-0.0148171 0.00185864 1.0468 
-0.015 0.0444263 0.268413 
0.0133531 0.00668496 0.585406 
-0.055 0.79831 1.52709 
-0.015 0.0151595 0.528742 
-0.015 0.182116 0.279952 
-0.015 0.145712 1.13755 
-0.015 0.120705 0.486742 
-0.015 0.00100022 1.59695 
-0.015 0.780374 0.993618 
-0.055 0.360245 1.85369 
-0.055 0.442413 0.739393 
-0.015 0.904681 1.03309 
-0.055 0.212637 1.44327 
-0.0431336 0.489873      0 
-0.015 0.829122 1.22353 
-0.055 0.666517 1.29698 
-0.015 0.854695 0.392242 
-0.055 0.0471258 1.8977 
-0.055 0.0800319 1.07303 
-0.055 0.616801 0.392116 
-0.055 0.827916 1.55218 
-0.015 0.9113790000000001 0.130909 
-0.055 0.504337 1.06243 
-0.0454688   0.93 1.61382 
-0.055 0.138645 0.199495 
-0.055 0.501977 0.543998 
-0.055 0.348942 1.76367 
-0.055 0.476658 1.67227 
-0.055 0.0365307 1.08448 
-0.015 0.866607 1.14722 
-0.055 0.259514 0.141148 
-0.055 0.264393 1.99343 
-0.015 0.600735 1.30556 
-0.055 0.290289 1.74182 
-0.015 0.520703 1.38683 
-0.015 0.158843 1.71454 
-0.015 0.71706 1.79043 
-0.015 0.638603 1.32527 
-0.055 0.382565 0.0888048 
-0.0493471   0.93 0.6991000000000001 
-0.015 0.8592919999999999 1.1433 
-0.015 0.757733 1.22719 
-0.055 0.08279599999999999 0.644194 
-0.055 0.200717 0.984281 
-0.055 0.883735 0.264424 
-0.015 0.792676 1.98141 
-0.0148966 -0.0010502 1.15609 
-0.0397839   0.93 1.83734 
-0.015 0.285936 0.436556 
-0.015 0.7197210000000001 0.911949 
-0.015 0.673102 0.382568 
-0.055 0.412507 1.98481 
-0.055 0.157735 1.88412 
-0.055 0.11725 0.210469 
-0.055 0.222758 1.02929 
-0.015 0.014181 0.163698 
-0.055 0.636534 1.90203 
-0.055 0.587143 0.510467 
-0.015 0.273569 1.0739 
-0.015 0.543574 1.69096 
-0.055 0.680898 0.310875 
-0.055 0.813308 1.87465 
-0.015 0.237084 0.334768 
-0.015 0.883597 1.88796 
-0.055 0.881148 1.17115 
-0.055 0.223258 0.35947 
-0.015 0.188048 0.957877 
-0.055 0.0303132 0.70061 
-0.015 0.706553 0.735505 
-0.055 0.843063 0.465901 
-0.015 0.483795 1.22082 
-0.015 0.065013 0.560105 
-0.015 0.7623 1.0987 
-0.055 0.22731 0.87043 
-0.055 0.881697 0.427882 
-0.015 0.190026 1.31321e-05 
-0.055 0.827659 2.00853 
-0.055 0.879726 0.00449008 
-0.015 0.862734 1.7759 
-0.055 0.92613 1.89155 
-0.055 0.167746 1.21154 
-0.055 0.778288 1.13184 
-0.055 0.167683 0.177426 
-0.055 0.513811 0.732555 
-0.015 0.420896 0.857963 
-0.055 0.29073 1.60554 
-0.015 0.704283 0.957152 
-0.015 0.922772 1.41924 
-0.0501046   0.93 0.8629790000000001 
-0.015 0.584886 0.514469 
-0.055 0.695457 0.07225860000000001 
-0.015 0.155088 0.492425 
-0.015 0.772865 0.258526 
-0.015 0.0191263 0.5645790000000001 
-0.015 0.914744 0.197133 
-0.055 0.46755 0.6795639999999999 
-0.015 0.15249 2.02772 
-0.055 0.0716051 1.81346 
-0.015 0.699319 1.3254 
-0.015 0.585416 1.75158 
-0.015 0.278423 2.00433 
-0.015 0.305763 1.14282 
0.00593237 -0.0137552 1.28614 
-0.015  0.208 1.78457 
-0.055 0.474938 1.05641 
-0.055 0.507879 0.571286 
-0.015 0.66892 1.6984 
-0.015 0.5510620000000001 1.07817 
-0.015 0.419353 0.113591 
-0.055 0.312807 1.66457 
-0.0323805 0.00300526      0 
-0.055 0.556588 0.703684 
-0.015 0.155084 1.90304 
-0.055 0.480856 0.662029 
-0.015 0.646391 0.9831490000000001 
-0.055 0.267759 1.82507 
-0.055 0.351705 1.35188 
-0.015 0.544995 1.81567 
0.00197194 0.0148059 0.74472 
-0.015 0.322818 1.08475 
-0.055 0.346743 0.797424 
-0.015 0.250422 1.91943 
-0.015 0.741942 1.51049 
-0.015 0.6368239999999999 0.161335 
-0.055 0.322589 1.85721 
-0.015 0.49517 1.26497 
-0.055 0.242262 1.75872 
-0.055 0.0871784 1.39969 
-0.015 0.593711 0.227002 
-0.055 0.536322 1.6934 
-0.055 0.268563 1.35978 
-0.015 0.268193 0.457435 
-0.055 0.176468 0.67247 
0.0149965 -3.52823e-05 0.0512735 
-0.0486452 0.769474      0 
-0.015 0.524058 0.38393 
-0.055 0.0753947 0.0843806 
-0.055 0.71133 1.09355 
-0.055 0.817337 1.64613 
-0.055 0.356964 1.71746 
-0.055 0.877038 0.286979 
-0.015 0.128417 1.90645 
-0.015 0.509679 0.42094 
-0.015 0.841587 1.43353 
-0.015 0.0840321 0.441411 
-0.015 0.466726 1.88834 
-0.055 0.254737 0.332024 
-0.055 0.8040580000000001 1.31177 
-0.015 0.498794 1.40229 
-0.015 0.461259 1.60554 
-0.015 0.167792 1.76378 
-0.055 0.253378 1.76788 
-0.015 0.457952 0.809658 
-0.015 0.150536 0.892733 
-0.055 0.206428 0.363543 
-0.015 0.463629 1.26436 
-0.015 0.128562 1.01731 
-0.055 0.0633374 1.37739 
-0.055 0.351451 0.186691 
-0.055 0.169141 0.332871 
-0.055 0.311524 1.01199 
-0.055 0.366724 1.93156 
-0.055 0.363739 1.77029 
-0.015 0.140644 0.456501 
-0.015 0.100299 1.54031 
-0.015 0.661909 0.74174 
-0.015 0.845232 0.676027 
-0.055 0.06092 1.16825 
-0.015 0.54272 1.73202 
-0.015 0.317366 1.18213 
-0.055 0.476693 1.31519 
-0.055 0.348131 0.238605 
-0.015 0.481475 1.48014 
0.0132448 -0.00688769 0.872399 
-0.015 0.158157 1.58237 
-0.015 0.626807 0.498427 
-0.0441744      0 1.28925 
-0.015 0.314566 0.030917 
-0.055 0.803451 0.208977 
0.00120197 -0.0148817 0.0308171 
-0.015 0.201548 0.902357 
-0.055 0.106641 0.5991030000000001 
-0.015 0.670535 0.274309 
-0.015 0.0457211 1.01647 
-0.015 0.658355 0.0276071 
0.0090505 0.0118841 1.59823 
-0.055 0.125381 1.95657 
-0.015 0.5739069999999999 0.203101 
-0.015 0.318878 0.6155969999999999 
0.010963 0.0101731 0.283404 
-0.015 0.0479027 0.214058 
-0.015 0.504324 1.55329 
-0.055 0.643631 1.76534 
-0.015 0.110773 1.44585 
-0.015 0.39187 1.81859 
-0.055 0.336583 1.21389 
-0.055 0.103487 1.41926 
-0.055 0.157933 0.972233 
-0.055 0.567048 1.76363 
-0.015 0.554462 0.777392 
-0.055 0.2173 1.91053 
-0.055 0.864816 0.344612 
-0.055 0.772226 0.155595 
-0.055 0.209707 0.9827360000000001 
-0.015 0.161104 1.8001 
-0.055 0.33219 1.55964 
-0.015 0.757865 1.33773 
-0.015 0.6130060000000001 1.41877 
-0.055 0.206221 1.51476 
-0.0299614 0.152424      0 
0.00425093 0.0143099 1.40369 
-0.0127347 -0.00784234 1.62396 
-0.055 0.627383 0.223855 
-0.015 0.6691 0.444185 
-0.015 0.186328 1.22714 
-0.055 0.6364379999999999 1.52932 
-0.055 0.715174 1.25816 
-0.015 0.495547 1.40264 
-0.055 0.41348 1.16275 
-0.015 0.574585 0.775638 
-0.015 0.685789 1.41697 
-0.055 0.687786 1.85661 
-0.055 0.0747805 0.9132749999999999 
-0.015 0.7531 0.640588 
-0.015 0.290114 0.61639 
-0.055 0.00558444 1.31761 
-0.015 0.434347 1.27119 
-0.055 0.575155 1.50728 
-0.015 0.482219 1.87522 
-0.055 0.336804 1.87472 
-0.055 0.299635 0.404131 
-0.015 0.142174 0.378968 
-0.015 0.292279 0.129664 
-0.0397583      0 0.382737 
-0.055 0.65128 1.49301 
-0.015 0.924691 0.00229598 
-0.055 0.646128 1.15629 
-0.015 0.797526 0.703049 
-0.015 0.61254 0.369569 
-0.015 0.309373 0.925446 
-0.0138116 0.00582681 0.71339 
-0.055 0.823063 1.89459 
-0.015 0.146139 1.34762 
-0.055 0.301642 0.348927 
-0.055 0.840878 1.84563 
-0.055 0.366905 1.8348 
-0.055 0.808099 1.1907 
-0.015 0.242768 0.670254 
-0.015 0.861715 1.56444 
-0.015 0.417158 1.05088 
0.009483210000000001 -0.0115291 0.914863 
-0.015 0.0566099 0.532899 
-0.055 0.757149 1.20638 
-0.015 0.318803 0.708898 
-0.055 0.8703419999999999 1.5088 
-0.0314337      0 0.256409 
-0.055 0.223829 0.738947 
-0.015 0.739266 0.45814 
-0.055 0.6856100000000001 1.76901 
-0.015 0.774732 0.959951 
-0.055 0.739806 0.692425 
-0.055 0.81191 0.943631 
-0.055 0.383609 1.99009 
-0.055 0.5551160000000001 1.5453 
-0.055 0.137958 1.09866 
-0.055 0.030656 1.1812 
-0.015 0.278153 1.59312 
-0.015 0.478996 0.341477 
-0.015 0.104763 1.22901 
-0.015 0.884895 1.04111 
-0.055 0.572268 0.378723 
-0.055 0.509526 0.739181 
-0.055 0.7960970000000001 1.1364 
-0.055 0.378293 0.503946 
-0.055 0.667365 0.0356115 
-0.055 0.533561 1.2512 
-0.015 0.388106 1.97997 
-0.015 0.925503 1.06618 
-0.015 0.0546126 0.271287 
-0.055 0.37453 0.732837 
-0.055 0.204403 0.454109 
-0.015 0.858867 0.754304 
0.00626085 0.0135797 1.49588 
-0.015 0.522138 1.45014 
-0.055 0.885976 0.200791 
-0.055 0.8361499999999999 0.681156 
-0.015 0.430829 0.680481 
-0.015 0.203797 1.42124 
-0.055 0.496463 0.102367 
-0.0536911   0.93 0.235992 
-0.015 0.504024 0.374881 
-0.055 0.217204 0.448343 
-0.015 0.0885532 1.70877 
-0.00635838 0.0135276 0.0929905 
-0.015 0.5557879999999999 0.676965 
-0.015 0.40847 1.80493 
-0.055 0.351385 1.65892 
-0.055 0.485496 1.70965 
-0.015 0.321892 0.876379 
-0.055 0.734057 1.66716 
-0.055 0.102093 1.76548 
-0.055 0.582593 1.16802 
-0.055 0.378797 0.721099 
-0.0311464      0 0.65983 
-0.014729 0.00275377 1.14174 
-0.0142307 -0.00451202 0.505252 
-0.015 0.017587 0.7400139999999999 
-0.055 0.859034 0.0185098 
-0.015 0.370673 1.28089 
-0.055 0.0620565 0.230118 
-0.0480774      0 1.26693 
-0.015 0.739565 1.04505 
-0.055 0.594279 0.806431 
-0.015 0.144463 0.91438 
-0.015 0.340406 0.240303 
-0.015 0.695303 0.20516 
-0.015 0.442499 1.52754 
-0.015 0.113763 0.108853 
-0.055 0.805081 1.0427 
-0.055 0.0701783 0.573921 
-0.055 0.758818 0.951354 
-0.00184296 -0.0148186 1.68567 
-0.015 0.7660979999999999 1.2773 
-0.015 0.117802 0.722611 
-0.015 0.88064 1.96001 
-0.055 0.780433 0.57286 
-0.055 0.326853 1.09783 
-0.055 0.851155 2.0072 
-0.055 0.358769 1.39696 
-0.015 0.366184 1.81596 
-0.0072015 -0.0130771 0.606355 
-0.015 0.848523 1.5421 
-0.055 0.403467 1.54402 
-0.015 0.528386 0.07082140000000001 
-0.055 0.229354 0.379636 
-0.015 0.928112 1.31298 
-0.015 0.0331698 1.1408 
-0.015 0.186881 1.75999 
-0.055 0.650802 1.9841 
-0.015 0.102911 0.946447 
-0.015 0.317579 0.798967 
-0.015 0.216968 0.877136 
-0.015 0.280197 1.26351 
-0.015 0.089106 1.59706 
-0.015 0.230195 1.93716 
-0.055 0.175829 1.65112 
-0.0386444   0.93 1.31488 
-0.0146254 -0.00321149 0.33455 
-0.015 0.227058 0.775851 
-0.0144107 0.00391886 0.841763 
-0.055 0.827284 0.336488 
-0.015 0.0521006 2.00173 
-0.015 0.436217 1.48108 
-0.015 0.772981 1.1975 
-0.055 0.48699 0.847446 
-0.015 0.171539 0.527102 
-0.055 0.388507 0.965894 
-0.015 0.6783400000000001 1.94745 
-0.055 0.589234 0.538911 
-0.055 0.015485 1.09788 
-0.015 0.0636882 1.47071 
-0.055 0.738686 1.48582 
-0.015 0.372916 1.44463 
-0.015 0.599975 0.652996 
-0.015 0.679809 0.904411 
-0.055 0.653963 1.9664 
-0.015 0.223936 0.437629 
-0.015 0.240044 1.92104 
-0.015 0.144036 0.033002 
-0.015 0.558709 0.301081 
-0.015 0.308797 0.655814 
-0.055 0.489952 1.27535 
-0.015 0.232696 1.03313 
-0.055 0.861891 1.19874 
-0.055 0.827526 1.0175 
-0.055 0.166162 0.956693 
-0.015 0.685175 0.08372789999999999 
-0.055 0.334746 0.701677 
-0.015 0.0408412 0.138268 
-0.055 0.925279 1.00435 
-0.0266695      0 1.44251 
-0.055 0.458109 0.366902 
-0.015 0.85722 0.953641 
-0.055 0.752385 1.37625 
-0.055 0.0712559 1.97222 
-0.055 0.227718 0.172198 
-0.055 0.361546 0.588836 
-0.015 0.843642 1.92898 
-0.055 0.806746 1.97153 
-0.015 0.704272 1.06907 
-0.015 0.923508 1.58611 
-0.055 0.53811 1.39725 
-0.0144931 -0.00364715 0.174856 
-0.015 0.08965579999999999 1.80345 
-0.055 0.835623 0.109272 
-0.015 0.255654  1.049 
-0.015 0.84161 1.65188 
-0.015 0.257809 0.51667 
-0.015 0.76883 1.81353 
-0.015 0.840086 1.55216 
-0.055 0.912431 0.354181 
-0.015 0.612368 1.97063 
-0.055 0.5054419999999999 1.81746 
-0.015 0.628696 1.33422 
-0.055 0.371542 1.49016 
-0.055 0.351537 0.165781 
-0.015 0.127369 1.62554 
-0.015 0.110965 0.233496 
-0.015 0.733897 1.1882 
-0.015 0.491863 0.676616 
-0.055 0.0528034 1.40282 
-0.055 0.11354 1.56714 
-0.015 0.0355863 1.12853 
-0.055 0.558651 1.24617 
-0.055 0.148951 0.9234059999999999 
-0.055 0.64333 1.51369 
-0.0409915      0 0.0110872 
-0.015 0.117386 1.19987 
-0.055 0.725633 0.171737 
-0.015 0.636749 0.436698 
-0.055 0.846511 0.454055 
-0.055 0.0438798 0.127855 
-0.036083   0.93 1.43658 
-0.015 0.101858 0.147154 
-0.055 0.569164 2.00774 
-0.055 0.5937210000000001 1.34895 
-0.055 0.378152 1.1004 
-0.047897      0 1.22379 
-0.055 0.857042 1.74772 
-0.055 0.733997 1.70657 
-0.015 0.355155 0.977931 
-0.015 0.178598 1.64163 
-0.055 0.0612115 0.515555 
-0.015 0.140177 0.651304 
-0.055 0.664421 1.32674 
-0.0206319 0.480009   2.04 
-0.055 0.391704 1.0151 
-0.015 0.902587 1.37056 
-0.055 0.372273 0.497871 
-0.055 0.133866 0.283562 
-0.015 0.182185 1.98555 
-0.015 0.683839 0.317666 
-0.055 0.620038 0.375412 
-0.055 0.098186 0.638499 
-0.055 0.103757 2.02096 
-0.015 0.446193 1.5302 
-0.055 0.267595 0.407437 
-0.015 0.318392 0.806526 
-0.015 0.458569 0.452712 
-0.015 0.20603 0.581784 
-0.055 0.79783 0.890908 
-0.015 0.599404 0.895545 
-0.015 0.117725 1.82323 
-0.055 0.344696 0.665048 
-0.055 0.774276 0.723075 
-0.015 0.71917 1.63558 
-0.015 0.5743509999999999 0.835569 
-0.055 0.209778 0.481922 
-0.055 0.0713806 0.57995 
-0.015 0.111592 1.93243 
-0.055 0.7635420000000001 1.0991 
-0.055 0.352201 0.903807 
-0.055 0.327804 1.52634 
-0.015 0.627088 1.64189 
-0.055 0.096882 1.2395 
-0.055 0.232761 0.39619 
-0.055 0.341121 0.8135019999999999 
-0.015 0.366642 1.35951 
-0.055 0.0634584 1.22327 
-0.015 0.401945 0.200841 
-0.055 0.819545 0.905594 
-0.015 0.428406 1.90187 
-0.015 0.721294 0.596561 
-0.055 0.7011540000000001 1.6785 
-0.015 0.812746 0.614384 
-0.015 0.233018 1.57162 
0.00700034 -0.0131846 0.404972 
-0.055 0.131255 2.0242 
-0.015 0.272649 0.974608 
-0.015 0.00262985 1.84334 
-0.015 0.752014 1.45095 
-0.015 0.325044 1.35044 
-0.015 0.163134 0.449091 
-0.015 0.0374638 0.541061 
-0.055 0.800976 0.230447 
-0.055 0.00539772 1.6172 
-0.055 0.308845 0.946326 
-0.055 0.433226 1.43946 
-0.015 0.662073 0.219659 
-0.055 0.179948 0.826745 
-0.015 0.779327 2.0251 
-0.015 0.628818 1.37424 
-0.055 0.607107 1.79461 
-0.015 0.504767 1.84088 
-0.055 0.666895 1.6786 
-0.055 0.42674 1.11584 
-0.015 0.751784 0.548116 
-0.015 0.285166 1.75957 
-0.015 0.219815 1.81447 
-0.015 0.605129 0.447076 
-0.055 0.451653 1.91916 
-0.015 0.319474 0.803732 
-0.055 0.7527 0.192413 
-0.0149613 -0.00039309 1.77803 
-0.015 0.66562 1.06337 
-0.015 0.167527 1.10034 
-0.055 0.408261 1.44274 
-0.055 0.198846 0.646479 
-0.055 0.570742 1.07434 
-0.015 0.833847 0.870171 
-0.015 0.371623 0.881077 
-0.015 0.101587 1.99578 
-0.015 0.148172 1.96233 
-0.055 0.367986 0.6389010000000001 
-0.055 0.506208 2.01559 
-0.055 0.0278608 0.520183 
-0.055 0.891641 1.94355 
-0.055 0.0493582 0.041837 
-0.015 0.836554 0.208318 
-0.055 0.8930630000000001 0.936076 
-0.015 0.725536 0.374954 
-0.015 0.579196 0.452083 
-0.015 0.06848319999999999 1.09166 
-0.055 0.54965 1.77259 
-0.0309269   0.93 1.14779 
-0.0469107   0.93 1.14919 
-0.055 0.747001 1.06939 
-0.015 0.863671 1.9709 
-0.055 0.357593 0.969334 
-0.015 0.865694 1.3092 
-0.055 0.852671 1.99901 
-0.015 0.0921664 0.455939 
-0.015 0.8569059999999999 1.64879 
-0.055 0.86367 2.0026 
-0.055 0.0293929 0.365312 
-0.015 0.473183 1.04759 
-0.015 0.175071 0.969893 
-0.055 0.346408 1.81438 
-0.055 0.233729 1.60176 
-0.015 0.258705 1.89245 
-0.015 0.265189 0.261062 
-0.055 0.302013 0.912415 
-0.015 0.0393303 0.853191 
-0.015 0.402572 0.7388749999999999 
-0.055 0.00368137 2.02252 
-0.055 0.338267 1.45014 
-0.055 0.837665 0.742374 
-0.015 0.270683 0.405911 
-0.055 0.756993 1.86809 
-0.015 0.923533 0.776652 
-0.055 0.102755 0.615884 
-0.015 0.1057 0.0238286 
-0.055 0.765669 1.66443 
-0.015 0.860602 1.73761 
-0.055 0.628396 0.9266760000000001 
-0.055 0.509382 0.5628030000000001 
-0.015 0.159382 0.316612 
-0.015 0.20737 0.685214 
-0.055 0.129471 1.11653 
-0.055 0.50758 2.02565 
-0.015 0.845846 0.292075 
0.00744483 -0.0129471 0.793339 
-0.055 0.768054 0.738131 
-0.015 0.229866 1.23896 
-0.055 0.346072 0.168515 
-0.055 0.572407 0.748922 
-0.015 0.577717 1.05548 
-0.055 0.284495 1.01626 
-0.015 0.325439 0.0367153 
-0.055 0.576107 1.40115 
-0.015 0.8326789999999999 0.978959 
-0.055 0.6280480000000001 0.492486 
-0.015 0.256703 1.65573 
-0.015 0.76571 1.60799 
-0.015 0.6193650000000001 0.663361 
-0.055 0.169263 1.30133 
-0.055 0.0228552 0.496796 
-0.015 0.541573 0.281752 
-0.015 0.571688 0.433028 
-0.015 0.809413 1.58677 
-0.015 0.0122402 0.32254 
-0.055 0.436586 0.519885 
-0.055 0.442917 1.5723 
-0.055 0.721082 1.56343 
-0.055 0.834261 0.528017 
-0.015 0.542029 0.480288 
-0.055 0.486529 0.531488 
-0.055 0.843981 1.13411 
-0.015 0.0546441 0.363185 
-0.015 0.682229 1.3058 
-0.055 0.730291 1.0052 
-0.015 0.50381 0.914783 
-0.055 0.6486 1.8138 
-0.055 0.814617 1.24281 
-0.055 0.903791 0.763821 
-0.015 0.330604 0.755837 
-0.055 0.742796 1.65572 
-0.015 0.63012 1.05168 
-0.0144017 -0.00394845 0.53965 
-0.0336515      0 0.277044 
-0.015 0.543388 1.39519 
-0.055 0.884323 1.47973 
-0.015 0.536126 1.26451 
-0.055 0.732093 1.41796 
-0.055 0.5326149999999999 0.154828 
-0.015 0.800874 1.59965 
-0.0456974   0.93 1.43881 
-0.015 0.922672 1.21811 
-0.015 0.168235 1.44402 
-0.015 0.443862 1.40016 
-0.015 0.117929 0.599854 
-0.00775268 -0.0127826 0.168978 
-0.055 0.412076 1.73061 
-0.015 0.230605 0.900714 
-0.055 0.900606 0.293276 
-0.055 0.676366 1.33993 
-0.015 0.196961 1.81549 
-0.015 0.733087 0.123115 
-0.055 0.254033 0.568058 
-0.055 0.600449 0.624214 
-0.015 0.846179 0.314449 
-0.0463796      0 0.726382 
-0.015 0.57511 0.658297 
-0.055 0.798129 0.270664 
-0.015 0.135177 1.54082 
-0.055 0.0172485 0.137259 
-0.055 0.270987 0.903125 
-0.055 0.8237950000000001 0.189793 
-0.015 4.35962e-05 0.316146 
-0.015 0.900563 0.627837 
-0.055 0.681613 0.616329 
-0.015 0.327781 1.78211 
-0.055 0.383907 0.585072 
-0.0141126 -0.00490107 1.48573 
-0.055 0.63794 1.80982 
-0.055 0.435412 0.163983 
-0.055 0.125668 0.686967 
-0.015 0.625308 1.40031 
-0.015 0.229222 0.9005030000000001 
0.00225634 0.0147779 1.76451 
-0.055 0.0562268 1.1934 
-0.055 0.132329 0.168457 
-0.055 0.0097266 0.471088 
-0.055 0.238534 1.98776 
-0.055 0.5247540000000001 0.294715 
-0.055 0.74472 1.60686 
-0.015 0.41694 0.817447 
-0.015 0.290616 0.223543 
-0.0535792 0.146526   2.04 
-0.055 0.604907 0.5156500000000001 
-0.055 0.679529 0.9010860000000001 
-0.015 0.169495 1.60818 
-0.055 0.285986 1.70924 
-0.0525585   0.93 1.26506 
-0.015 0.316498 1.72979 
-0.015 0.0694538 0.08177760000000001 
-0.055 0.401689 1.40911 
-0.015 0.0628753 0.825707 
-0.015 0.104351 0.890055 
-0.015 0.0988328 0.740408 
-0.015 0.843553 0.22777 
-0.055 0.476496 0.676822 
-0.015 0.41046 0.724952 
-0.055 0.566474 0.407736 
-0.015 0.263934 1.50234 
-0.015 0.241381 1.65785 
-0.015 0.348726 1.90367 
-0.0102451 0.0109039 0.154925 
-0.055 0.205231 1.43528 
-0.055 0.924024 0.102646 
-0.055 0.0432568 1.48572 
-0.015 0.0286349 1.49821 
-0.055 0.0342404 0.34512 
-0.055 0.340824 1.8664 
-0.055 0.241992 1.30374 
-0.055 0.231814 1.09763 
-0.015 0.601562 1.74037 
-0.015 0.685318 1.50778 
-0.055 0.71138 1.42401 
-0.055 0.56442 1.78341 
-0.015 0.07848289999999999 0.444593 
-0.055 0.86304 1.24978 
-0.055 0.643323 1.10048 
-0.015 0.562356 1.07473 
-0.015 0.495925 0.021455 
-0.015 0.521537 1.71975 
-0.015 0.550172 1.18272 
-0.015 0.0131596 1.55671 
-0.0290931      0 1.13172 
-0.055 0.901799 1.7064 
-0.055 0.528593 0.790431 
-0.015 0.0515319 0.183024 
-0.055 0.720433 0.8833800000000001 
-0.015 0.428187 0.0744927 
-0.055 0.39954 0.671857 
-0.055 0.384771 0.0422444 
-0.055 0.52374 0.995787 
-0.015 0.237063 0.258883 
-0.015 0.262713 1.80043 
-0.015 0.325293 1.31128 
-0.055 0.867854 1.99388 
-0.015 0.452964 0.866538 
0.00704258 0.013162 0.897848 
-0.055 0.243552 1.62187 
-0.015 0.08053449999999999 0.772759 
-0.015 0.233216 1.58448 
-0.055 0.181684 0.284403 
-0.055 0.472784 1.74702 
-0.055 0.423257 0.822218 
-0.015 0.767408 1.83371 
-0.015 0.18185 0.0520226 
-0.055 0.613776 1.79048 
0.010876 -0.0102791 0.446244 
-0.055 0.737087 0.7051770000000001 
-0.015 0.359867 1.9261 
-0.055 0.528941 1.80545 
-0.0132097 -0.00695343 0.0329446 
-0.015 0.902039 0.120693 
-0.015 0.40218 1.53714 
-0.055 0.447286 0.054781 
-0.015 0.67181 0.7889620000000001 
-0.015 0.00640737 1.08742 
-0.015 0.466376 0.964885 
-0.055 0.828549 0.475435 
-0.055 0.264043 0.094585 
-0.0529895      0 0.145099 
-0.055 0.362969 0.978088 
-0.015 0.5800419999999999 0.900612 
-0.055 0.368828 1.94718 
-0.015 0.728695 0.990339 
-0.015 0.738307 1.73011 
-0.015 0.220709 1.8589 
-0.055 0.8856000000000001 1.77395 
-0.015 0.48342 0.72657 
-0.055 0.306257 0.291493 
-0.015 0.703213 0.00154801 
-0.015 0.881933 1.95017 
-0.055 0.7161149999999999 1.64972 
-0.055 0.315336 1.00742 
-0.055 0.653485 1.54455 
-0.055 0.22977 0.769105 
-0.055 0.408214 1.35355 
-0.0255123 0.796802      0 
-0.055 0.235629 0.558666 
-0.055 0.196792 0.960175 
-0.055 0.683966 0.0752921 
-0.015 0.247211 2.02284 
-0.0122934 0.00855173 0.838701 
-0.055 0.50928 1.03137 
-0.055 0.287833 0.420743 
-0.055 0.256792 1.89901 
-0.015 0.41538 1.57988 
0.004226 0.0143175 1.59069 
-0.055 0.843052 1.6612 
-0.015 0.363463 0.0320264 
-0.055 0.762018 1.10556 
-0.055 0.593233 1.5148 
-0.015 0.469965 0.528095 
-0.055 0.464983 1.97328 
-0.055 0.234336 1.58576 
-0.055 0.298643 1.82365 
-0.015 0.711222 1.67292 
-0.015 0.768082 0.120692 
-0.015 0.240179 1.52328 
-0.015 0.88163 1.57632 
-0.015 0.884592 0.365061 
-0.0488002 0.348195   2.04 
-0.055 0.343773 1.27167 
-0.015 0.666681 0.6165389999999999 
-0.015 0.295669 0.184562 
-0.015 0.100144 0.77271 
-0.055 0.889648 1.60947 
-0.015 0.281101 0.223048 
-0.015 0.566701 0.490067 
-0.055 0.0109231 0.336631 
-0.0212443      0 0.856701 
-0.015 0.758223 1.5773 
-0.055 0.196611 1.95073 
-0.015 0.886432 1.30802 
-0.0147322 -0.0027212 1.3322 
-0.055 0.776597 0.20167 
-0.055 0.43033 1.21057 
-0.015 0.501599 1.42801 
-0.015 0.395981 1.35235 
-0.015 0.48012 0.249878 
-0.015 0.0751396 0.195028 
-0.015 0.895212 0.433796 
-0.0313511 0.679607   2.04 
-0.0444059   0.93 1.55888 
-0.015 0.837151 0.140071 
-0.015 0.037903 1.12637 
-0.055 0.691972 2.01629 
-0.055 0.495361 0.666427 
-0.015 0.9001169999999999 1.15216 
-0.055 0.0849222 1.18217 
-0.015 0.630867 1.26121 
-0.015 0.0684811 0.467473 
-0.055 0.578659 2.02118 
-0.055 0.294036 1.79573 
-0.055 0.749879 0.305759 
-0.055 0.21453 1.38755 
-0.015 0.16635 0.583554 
-0.015 0.845958 0.546891 
-0.015 0.199762 0.444778 
-0.015 0.794094 0.243533 
-0.015 0.148925 0.197077 
-0.055 0.327872 0.6986560000000001 
-0.015 0.532237 1.19972 
-0.015 0.76251 1.95225 
-0.055 0.223581 0.0977778 
-0.055 0.619536 0.09336650000000001 
-0.015 0.818955 1.1466 
-0.015 0.874055 0.36376 
-0.0205141      0 1.49408 
-0.055 0.388265 0.52343 
-0.015 0.871181 0.676324 
-0.015 0.327205 1.75896 
-0.055 0.771499 0.518529 
-0.055 0.390632 1.27364 
-0.055 0.27961 0.164258 
-0.055 0.164726 1.65138 
-0.015 0.130685 0.596696 
-0.015 0.437402 1.54531 
0.014861 -0.00141222 1.68445 
-0.055 0.729394 0.306202 
-0.015 0.38131 1.04926 
-0.055 0.820142 1.9708 
-0.055 0.915982 1.46601 
-0.015 0.234857 0.187458 
-0.055 0.782514 0.659489 
-0.015 0.306878 1.02596 
-0.055 0.835656 0.856058 
-0.055 0.0641568 1.39403 
-0.055 0.09614490000000001 1.56174 
-0.055 0.907104 1.77622 
-0.055 0.15427 1.21576 
-0.015 0.423561 0.0473324 
-0.055 0.415824 0.028366 
-0.0211548      0 0.52505 
-0.015 0.0907157 2.02014 
-0.055 0.586295 1.75852 
-0.0151179   0.93 0.51897 
-0.055 0.330622 1.35153 
-0.055 0.888158 0.629559 
-0.055 0.189328 0.478409 
-0.055 0.398327 1.36099 
-0.055 0.901511 1.14319 
-0.015 0.607023 0.454368 
-0.055 0.501485 1.8726 
-0.015 0.226832 1.38731 
-0.015 0.361683 1.12004 
-0.055 0.383261 0.811858 
-0.055 0.57282 0.602431 
-0.015 0.894723 0.0714282 
-0.015 0.42972 1.21303 
-0.055 0.843985 0.141467 
-0.015 0.862766 0.73417 
-0.00338564 0.0145725 1.70208 
-0.055 0.846008 0.416738 
-0.0446305      0 0.823011 
-0.055 0.846664 1.5854 
-0.015 0.818174 0.0994266 
-0.055 0.252465 0.443291 
-0.0491761 0.434802      0 
-0.055 0.268366 0.553577 
-0.055 0.823779 0.926054 
-0.015 0.417289 1.4942 
-0.055 0.862689 0.460561 
-0.055 0.308929 1.43857 
-0.055 0.8226250000000001 0.655267 
-0.015 0.171867 0.194197 
-0.055 0.824665 0.771031 
-0.055 0.690899 1.07982 
-0.015 0.250237 1.25763 
-0.015 0.920853 0.787833 
-0.015 0.188987 1.01958 
-0.0340705 0.63027      0 
-0.015 0.832359 0.359736 
-0.015 0.108805 0.832693 
-0.015 0.397038 1.18583 
-0.055 0.6391829999999999 0.00535006 
-0.055 0.51515 0.378144 
-0.055 0.105079 0.823223 
-0.015 0.684222 1.22291 
-0.055 0.265124 0.154275 
-0.055 0.158862 1.08114 
-0.055 0.387537 0.204564 
-0.055 0.145843 0.191502 
-0.015 0.134369 1.59433 
-0.015 0.468937 1.52172 
-0.015 0.583313 1.87634 
-0.015 0.429386 1.56393 
-0.055 0.265389 0.281687 
0.0101525 0.0109799 0.530153 
-0.055 0.5361939999999999 1.32688 
-0.055 0.83634 1.38697 
-0.055 0.501912 1.52262 
-0.015 0.123783 2.03378 
-0.055 0.496282 0.814087 
-0.015 0.441459 0.816872 
-0.055 0.168594 1.93445 
-0.015 0.329679 0.888422 
-0.055 0.416981 0.9256529999999999 
-0.0426292   0.93 0.48517 
-0.015 0.690117 0.384921 
-0.0223638      0  1.124 
-0.055 0.5119590000000001 1.09911 
-0.055 0.6403759999999999 0.246501 
-0.015 0.631682 0.400025 
-0.055 0.211441 0.114949 
-0.015 0.08722249999999999 0.281825 
-0.015 0.41469 0.717711 
-0.055 0.450975 0.67409 
-0.055 0.388691 1.73921 
-0.015 0.913707 0.0378539 
-0.055 0.189893 1.95543 
-0.015 0.139786 0.300007 
-0.015 0.644779 0.497221 
-0.015 0.447855 0.818703 
-0.055 0.5487109999999999 0.783444 
-0.015 0.774747 0.456197 
-0.055 0.552497 1.49488 
-0.015 0.489879 0.5226730000000001 
-0.015 0.0559129 0.0315055 
-0.015 0.89196 0.311053 
-0.015 0.8754189999999999 0.586454 
-0.055 0.0598377 0.00705448 
-0.055 0.310522 1.01063 
-0.055 0.0805797 0.919508 
-0.055 0.871045 1.28767 
-0.015 0.248848 0.141015 
-0.0387965      0 0.985372 
-0.055 0.150058 0.239232 
-0.015 0.21274 1.44872 
-0.055 0.144419 1.38677 
-0.015 0.101005 1.15213 
-0.015466 0.451492      0 
0.00950498 0.0115112 1.58606 
-0.055 0.891613 1.71309 
-0.015 0.305024 0.895935 
-0.055 0.704541 1.7501 
-0.015 0.157997 0.834077 
-0.055 0.512541 1.57977 
-0.015 0.841722 1.85015 
-0.055 0.707848 0.810266 
-0.055 0.403658 1.50084 
-0.015 0.533918 1.23024 
-0.015 0.424857 0.505278 
-0.015 0.912392 0.270096 
-0.055 0.872563 1.78286 
-0.015 0.771558 0.355413 
-0.055 0.680434 0.879084 
-0.055 0.0477849 1.39718 
-0.015 0.675337 0.21479 
-0.015 0.139634 1.19017 
-0.055 0.365093 0.785465 
-0.015 0.0453217 1.23145 
-0.055 0.372137 0.751649 
-0.055 0.716655 1.56269 
-0.055 0.008807219999999999 0.812511 
-0.055 0.578175 0.844678 
-0.015 0.166673 0.462685 
-0.015 0.0601749 1.30111 
-0.055 0.3806 1.34324 
-0.055 0.414628 1.83937 
-0.055 0.353346 0.245035 
-0.055 0.137859 1.67868 
-0.015 0.472231 0.443433 
-0.055 0.629928 0.407219 
-0.015 0.217568 0.578171 
-0.015 0.789488 1.5421 
-0.055 0.319083 1.73856 
-0.015 0.273411 0.651465 
-0.015 0.5538 1.34655 
-0.055 0.454522 1.05569 
-0.055 0.8611259999999999 0.376349 
-0.015 0.235547 0.0856345 
-0.015 0.830786 1.71765 
-0.0112035 0.00988005 0.522463 
-0.055 0.812805 0.0795313 
-0.055 0.147964 1.22138 
-0.055 0.236151 1.97929 
-0.055 0.438304 0.0221658 
-0.055 0.249297 1.87821 
-0.015 0.898271 1.61966 
-0.015 0.221549 1.40422 
-0.015 0.832466 0.377819 
-0.055 0.329729 1.53865 
-0.015 0.07395409999999999 1.71071 
-0.055 0.768763 1.18847 
-0.055 0.23011 0.478811 
-0.055 0.179242 1.06006 
-0.0145597 0.00342791 1.02141 
3 830 342 140 
3 342 848 140 
3 848 242 140 
3 54 848 342 
3 186 719 140 
3 82 186 140 
3 84 242 676 
3 84 141 242 
3 870 84 933 
3 84 870 141 
3 242 296 676 
3 848 296 242 
3 296 386 676 
3 397 54 342 
3 397 342 830 
3 54 86 30 
3 86 660 30 
3 86 54 331 
3 86 296 660 
3 296 86 386 
3 497 331 830 
3 904 497 830 
3 497 904 442 
3 655 904 551 
3 904 655 442 
3 180 830 140 
3 719 180 140 
3 483 719 186 
3 732 423 933 
3 423 732 186 
3 328 317 551 
3 317 732 551 
3 732 317 328 
3 618 328 186 
3 732 618 186 
3 242 742 140 
3 742 82 140 
3 54 743 331 
3 397 743 54 
3 331 743 830 
3 743 397 830 
3 540 86 331 
3 497 540 331 
3 109 328 830 
3 328 109 186 
3 109 483 186 
3 732 232 551 
3 632 732 933 
3 632 781 732 
3 423 117 933 
3 117 870 933 
3 82 117 186 
3 117 423 186 
3 337 732 328 
3 618 337 328 
3 337 618 732 
3 141 749 242 
3 334 540 497 
3 484 655 551 
3 484 566 655 
3 794 497 442 
3 794 334 497 
3 486 358 830 
3 358 486 551 
3 328 486 830 
3 486 328 551 
3 904 846 551 
3 846 358 551 
3 846 904 830 
3 358 846 830 
3 257 180 719 
3 483 257 719 
3 180 257 830 
3 257 109 830 
3 781 649 732 
3 649 232 732 
3 742 943 82 
3 943 117 82 
3 943 742 242 
3 749 943 242 
3 794 798 334 
3 566 773 655 
3 798 773 566 
3 773 798 794 
3 109 568 483 
3 568 257 483 
3 257 568 109 
3 54 296 848 
3 660 296 30 
3 296 54 30 
3 870 943 141 
3 117 943 870 
3 943 749 141 
3 540 798 86 
3 484 798 566 
3 84 798 933 
3 86 798 386 
3 798 84 676 
3 386 798 676 
3 334 798 540 
3 632 798 781 
3 649 798 232 
3 232 798 551 
3 798 632 933 
3 798 484 551 
3 798 649 781 
3 773 794 442 
3 655 773 442 
Vertices and facets:
- p342(v8): -0.015  0.93   1.3
  neighbors: f17 f60 f68 f110 f112
- p830(v5): 0.015 -0.0014   1.7
  neighbors: f17 f112 f127 f130 f134 f160 f161 f175 f212 f214 f218 f219 f223 f224
- p140(v1): 0.015 -3.5e-05 0.051
  neighbors: f17 f60 f61 f77 f88 f134 f135 f154 f155
- p848(v16): -0.015  0.93  0.52
  neighbors: f60 f61 f68 f107 f244
- p242(v10): -0.015  0.92 0.0023
  neighbors: f61 f95 f96 f106 f107 f154 f198 f231 f232
- p54(v18): -0.04  0.93   1.8
  neighbors: f68 f110 f114 f119 f158 f159 f244 f246
- p719(v20): 0.011 -0.01  0.45
  neighbors: f77 f135 f138 f220 f221
- p186(v14): 0.0012 -0.015 0.031
  neighbors: f77 f88 f138 f145 f151 f152 f177 f178 f187 f188
- p82(v23): -0.015  0.19 1.3e-05
  neighbors: f88 f155 f187 f228 f230
- p84(v24): -0.055  0.88 0.0045
  neighbors: f95 f96 f100 f101 f256 f258
- p676(v6): -0.055  0.92   0.1
  neighbors: f95 f106 f108 f258 f259
- p141(v15): -0.049  0.77     0
  neighbors: f96 f101 f198 f249 f251
- p870(v25): -0.049  0.43     0
  neighbors: f100 f101 f186 f249 f250
- p933(v13): -0.055  0.06 0.0071
  neighbors: f100 f144 f183 f185 f186 f256 f264
- p296(v27): -0.054  0.93  0.24
  neighbors: f106 f107 f108 f120 f121 f244 f245 f246
- p386(v26): -0.055  0.93     1
  neighbors: f108 f121 f257 f259
- p397(v28): -0.015  0.92   1.6
  neighbors: f110 f112 f159 f161
- p86(v29): -0.055  0.93   1.9
  neighbors: f114 f115 f121 f119 f120 f163 f254 f257
- p30(v2): -0.045  0.93   1.6
  neighbors: f114 f115 f245 f246
- p660(v17): -0.053  0.93   1.3
  neighbors: f115 f120 f245
- p331(v12): -0.015  0.88     2
  neighbors: f119 f127 f158 f160 f163 f165
- p497(v31): -0.015  0.78     2
  neighbors: f127 f130 f131 f165 f202 f207 f211
- p904(v32): -0.015  0.12     2
  neighbors: f130 f131 f132 f133 f216 f218
- p442(v19): -0.021  0.48     2
  neighbors: f131 f133 f207 f269 f270
- p655(v30): -0.054  0.15     2
  neighbors: f132 f133 f204 f205 f237 f270
- p551(v9): -0.055 0.0037     2
  neighbors: f132 f148 f149 f180 f204 f213 f215 f216 f217 f263 f266
- p180(v33): 0.013 -0.0069  0.87
  neighbors: f134 f135 f220 f223
- p483(v34): 0.007 -0.013   0.4
  neighbors: f138 f178 f221 f241 f242
- p423(v36): -0.041     0 0.011
  neighbors: f144 f145 f185 f188
- p732(v22): -0.053     0  0.15
  neighbors: f144 f145 f149 f150 f152 f180 f183 f184 f192 f194 f226 f227
- p317(v37): -0.048     0   1.3
  neighbors: f148 f149 f150
- p328(v21): -0.0018 -0.015   1.7
  neighbors: f148 f150 f151 f175 f177 f192 f193 f214 f215
- p618(v38): -0.0078 -0.013  0.17
  neighbors: f151 f152 f193 f194
- p742(v39): -0.015   0.7 0.0015
  neighbors: f154 f155 f228 f231
- p743(v40): -0.015  0.88     2
  neighbors: f158 f159 f160 f161
- p540(v41): -0.055  0.86     2
  neighbors: f163 f165 f202 f254 f260
- p109(v44): 0.0059 -0.014   1.3
  neighbors: f175 f177 f178 f224 f241 f243
- p232(v45): -0.055 0.0056   1.3
  neighbors: f180 f227 f262 f263
- p632(v46): -0.055 0.017  0.14
  neighbors: f183 f184 f261 f264
- p781(v35): -0.055 0.011  0.34
  neighbors: f184 f226 f261 f267
- p117(v47): -0.032 0.003     0
  neighbors: f185 f186 f187 f188 f230 f250
- p337(v48): -0.0072 -0.013  0.61
  neighbors: f192 f193 f194
- p749(v49): -0.026   0.8     0
  neighbors: f198 f232 f251
- p334(v50): -0.055  0.85     2
  neighbors: f202 f211 f236 f260
- p484(v51): -0.055  0.13     2
  neighbors: f204 f205 f255 f266
- p566(v42): -0.055  0.51     2
  neighbors: f205 f237 f239 f255
- p794(v52): -0.031  0.68     2
  neighbors: f207 f211 f236 f240 f269
- p486(v53): -0.015 0.0026   1.8
  neighbors: f212 f213 f214 f215
- p358(v43): -0.015 0.052     2
  neighbors: f212 f213 f217 f219
- p846(v54): -0.015 0.091     2
  neighbors: f216 f217 f218 f219
- p257(v55): 0.0095 -0.012  0.91
  neighbors: f220 f221 f223 f224 f242 f243
- p649(v56): -0.055 0.0097  0.47
  neighbors: f226 f227 f262 f267
- p943(v57): -0.015  0.45     0
  neighbors: f228 f230 f231 f232 f249 f250 f251
- p798(v58): -0.055  0.69     2
  neighbors: f236 f239 f240 f254 f255 f256 f257 f258 f259 f260 f261 f262 f263 f264 f266 f267
- p773(v59): -0.049  0.35     2
  neighbors: f237 f239 f240 f269 f270
- p568(v60): 0.0074 -0.013  0.79
  neighbors: f241 f242 f243
- f17
    - flags: bottom simplicial
    - normal:    0.9995  0.03215  0.00011
    - offset: -0.01499325
    - center: 0.004952499999999999 0.3088881659 1.0162345 
    - vertices: p342(v8) p830(v5) p140(v1)
    - neighboring facets: f134 f60 f112
- f60
    - flags: bottom simplicial
    - normal:    0.9995   0.0324 -7.137e-05
    - offset: -0.01498382
    - center: -0.005040466666666674 0.6193589059000001 0.6277411666666667 
    - vertices: p848(v16) p342(v8) p140(v1)
    - neighboring facets: f17 f61 f68
- f61
    - flags: top simplicial
    - normal:    0.9995  0.03242 -0.000105
    - offset: -0.01498209
    - center: -0.005040466666666664 0.6182185725666667 0.1908464933333333 
    - vertices: p848(v16) p242(v10) p140(v1)
    - neighboring facets: f154 f60 f107
- f68
    - flags: top simplicial tested seen
    - normal:    0.1251   0.9921 0.002341
    - offset:  -0.922015
    - center: -0.02330059999999999 0.9293706666666668 1.223096666666667 
    - vertices: p54(v18) p848(v16) p342(v8)
    - neighboring facets: f60 f110 f244
    - ridges:
- f77
    - flags: bottom simplicial
    - normal:    0.7392  -0.6734 -0.009753
    - offset: -0.01060929
    - vertices: p719(v20) p186(v14) p140(v1)
    - neighboring facets: f88 f135 f138
- f88
    - flags: top simplicial
    - normal:    0.8346 -0.01678  -0.5506
    - offset: 0.01571544
    - center: 0.0003994899999999985 0.05836967256666667 0.0273679107 
    - vertices: p82(v23) p186(v14) p140(v1)
    - neighboring facets: f77 f155 f187
- f95
    - flags: top simplicial tested seen
    - normal:   -0.7232   0.6295  -0.2841
    - offset: -0.5922809
    - center: -0.04166666666666664 0.9094803333333333 0.03647735333333334 
    - vertices: p84(v24) p242(v10) p676(v6)
    - neighboring facets: f106 f258 f96
    - ridges:
- f96
    - flags: top simplicial tested
    - normal:  -0.09403   0.0351   -0.995
    - offset: -0.03158279
    - center: -0.0395484 0.8579636666666667 0.002262019999999997 
    - vertices: p84(v24) p141(v15) p242(v10)
    - neighboring facets: f198 f95 f101
- f100
    - flags: top simplicial tested seen
    - normal:   -0.7106 -0.002201  -0.7036
    - offset: -0.03398704
    - center: -0.0530587 0.4581219000000001 0.003848186666666658 
    - vertices: p870(v25) p84(v24) p933(v13)
    - neighboring facets: f256 f186 f101
    - ridges:
- f101
    - flags: bottom simplicial tested seen
    - normal:   -0.5666 0.0008988   -0.824
    - offset: -0.02825433
    - center: -0.05094043333333333 0.6946673333333333 0.001496693333333333 
    - vertices: p870(v25) p84(v24) p141(v15)
    - neighboring facets: f96 f249 f100
    - ridges:
- f106
    - flags: bottom simplicial tested
    - normal:   -0.1249   0.9912  -0.0432
    - offset: -0.9183546
    - center: -0.04123036666666664 0.9262383333333333 0.11364466 
    - vertices: p296(v27) p242(v10) p676(v6)
    - neighboring facets: f95 f108 f107
- f107
    - flags: bottom simplicial tested seen
    - normal:   0.07504   0.9971 -0.01023
    - offset: -0.9208863
    - center: -0.02793633333333333 0.9282303333333334 0.2524193266666667 
    - vertices: p296(v27) p848(v16) p242(v10)
    - neighboring facets: f61 f106 f244
    - ridges:
- f108
    - flags: top simplicial tested seen
    - normal:   -0.9754   0.2205 -0.0003069
    - offset:  -0.257347
    - center: -0.05456370000000001 0.9264343333333332 0.4476626666666667 
    - vertices: p296(v27) p386(v26) p676(v6)
    - neighboring facets: f259 f106 f121
    - ridges:
- f110
    - flags: top simplicial
    - normal:    0.3972   0.9176  0.01547
    - offset:  -0.866005
    - vertices: p397(v28) p54(v18) p342(v8)
    - neighboring facets: f68 f112 f159
- f112
    - flags: top simplicial
    - normal:    0.9995  0.03233 0.0005449
    - offset: -0.01572544
    - vertices: p397(v28) p342(v8) p830(v5)
    - neighboring facets: f17 f161 f110
- f114
    - flags: bottom simplicial tested seen
    - normal:   -0.2271   0.9739 0.005776
    - offset: -0.9253309
    - center: -0.04675089999999999 0.9287099999999999 1.780903333333334 
    - vertices: p86(v29) p54(v18) p30(v2)
    - neighboring facets: f246 f115 f119
    - ridges:
- f115
    - flags: top simplicial tested seen
    - normal:   -0.2471    0.969 0.005023
    - offset: -0.9204932
    - center: -0.05100910000000002 0.92871 1.590143333333333 
    - vertices: p86(v29) p660(v17) p30(v2)
    - neighboring facets: f245 f114 f120
    - ridges:
- f119
    - flags: top simplicial tested
    - normal:    0.5526   0.8059   0.2126
    - offset:  -1.118167
    - center: -0.03659463333333327 0.9122566666666667 1.8963 
    - vertices: p86(v29) p54(v18) p331(v12)
    - neighboring facets: f158 f163 f114
- f120
    - flags: top simplicial tested seen
    - normal:   -0.7774    0.629 0.0008556
    - offset: -0.6268895
    - center: -0.05374986666666669 0.92871 1.130867333333333 
    - vertices: p86(v29) p296(v27) p660(v17)
    - neighboring facets: f245 f115 f121
    - ridges:
- f121
    - flags: bottom simplicial tested seen
    - normal:   -0.9724   0.2332 -0.0002237
    - offset: -0.2690347
    - center: -0.05456369999999994 0.9271363333333333 1.043964 
    - vertices: p86(v29) p296(v27) p386(v26)
    - neighboring facets: f108 f257 f120
    - ridges:
- f127
    - flags: top simplicial
    - normal:    0.9991  0.02276  0.03542
    - offset: -0.07448315
    - center: -0.005046333333333333 0.5528515933333333 1.889853333333334 
    - vertices: p497(v31) p331(v12) p830(v5)
    - neighboring facets: f160 f130 f165
- f130
    - flags: top simplicial
    - normal:    0.9964 0.001122  0.08477
    - offset:  -0.157598
    - vertices: p904(v32) p497(v31) p830(v5)
    - neighboring facets: f127 f218 f131
- f131
    - flags: bottom simplicial
    - normal:     0.889 0.006062   0.4578
    - offset:  -0.918495
    - center: -0.0168773 0.4610396666666667 2.03296 
    - vertices: p904(v32) p497(v31) p442(v19)
    - neighboring facets: f207 f133 f130
- f132
    - flags: bottom simplicial
    - normal:   0.08757  -0.1219   0.9887
    - offset:  -1.994356
    - center: -0.04119306666666667 0.09133012333333335 2.0321 
    - vertices: p904(v32) p655(v30) p551(v9)
    - neighboring facets: f204 f216 f133
- f133
    - flags: top simplicial seen
    - normal:    0.1506 -0.01488   0.9885
    - offset:  -2.006256
    - center: -0.02973703333333334 0.250106 2.037926666666667 
    - vertices: p904(v32) p655(v30) p442(v19)
    - neighboring facets: f270 f131 f132
    - ridges:
- f134
    - flags: top simplicial
    - normal:    0.9646  -0.2636 -0.0001422
    - offset: -0.01446798
    - vertices: p180(v33) p830(v5) p140(v1)
    - neighboring facets: f17 f135 f223
- f135
    - flags: bottom simplicial
    - normal:    0.9044  -0.4267 -0.001631
    - offset: -0.01349418
    - vertices: p180(v33) p719(v20) p140(v1)
    - neighboring facets: f77 f134 f220
- f138
    - flags: top simplicial
    - normal:    0.6432  -0.7657 -0.006494
    - offset: -0.01196768
    - vertices: p483(v34) p719(v20) p186(v14)
    - neighboring facets: f77 f178 f221
- f144
    - flags: bottom simplicial
    - normal:   -0.9687  -0.2326 -0.08673
    - offset: -0.0387466
    - center: -0.04966033333333333 0.0199459 0.05441356 
    - vertices: p423(v36) p732(v22) p933(v13)
    - neighboring facets: f183 f185 f145
- f145
    - flags: top simplicial
    - normal:   -0.3205  -0.9468  -0.0287
    - offset: -0.0128205
    - center: -0.03092634333333334 -0.004960566666666665 0.06233443333333333 
    - vertices: p423(v36) p732(v22) p186(v14)
    - neighboring facets: f152 f188 f144
- f148
    - flags: bottom simplicial
    - normal:   -0.3191  -0.9477 0.001694
    - offset: -0.01748743
    - vertices: p317(v37) p328(v21) p551(v9)
    - neighboring facets: f215 f149 f150
- f149
    - flags: top simplicial
    - normal:   -0.3386  -0.9409 0.001482
    - offset: -0.01815585
    - center: -0.0520223 0.001227123333333333 1.144849666666667 
    - vertices: p317(v37) p732(v22) p551(v9)
    - neighboring facets: f180 f148 f150
- f150
    - flags: bottom simplicial
    - normal:   -0.3166  -0.9486 0.001386
    - offset: -0.0169765
    - vertices: p317(v37) p732(v22) p328(v21)
    - neighboring facets: f192 f148 f149
- f151
    - flags: top simplicial
    - normal:    -0.234  -0.9722 -0.0003934
    - offset: -0.01417525
    - vertices: p618(v38) p328(v21) p186(v14)
    - neighboring facets: f177 f152 f193
- f152
    - flags: bottom simplicial
    - normal:   -0.2705  -0.9627 -0.002905
    - offset: -0.01391217
    - vertices: p618(v38) p732(v22) p186(v14)
    - neighboring facets: f145 f151 f194
- f154
    - flags: bottom simplicial
    - normal:    0.8666 0.001685   -0.499
    - offset: 0.01258683
    - center: -0.005001166666666667 0.5426229059 0.01837249666666666 
    - vertices: p742(v39) p242(v10) p140(v1)
    - neighboring facets: f61 f155 f231
- f155
    - flags: top simplicial
    - normal:    0.8655 0.001498  -0.5009
    - offset: 0.01270431
    - center: -0.005001166666666664 0.2977345725666666 0.01761154736666666 
    - vertices: p742(v39) p82(v23) p140(v1)
    - neighboring facets: f88 f154 f228
- f158
    - flags: bottom simplicial
    - normal:    0.7992   0.5959   0.0783
    - offset: -0.6662558
    - vertices: p743(v40) p54(v18) p331(v12)
    - neighboring facets: f119 f160 f159
- f159
    - flags: bottom simplicial
    - normal:    0.8158   0.5747  0.06563
    - offset: -0.6225542
    - vertices: p743(v40) p397(v28) p54(v18)
    - neighboring facets: f110 f158 f161
- f160
    - flags: bottom simplicial
    - normal:    0.9995   0.0325 0.004271
    - offset: -0.02200104
    - vertices: p743(v40) p331(v12) p830(v5)
    - neighboring facets: f127 f161 f158
- f161
    - flags: top simplicial
    - normal:    0.9995  0.03266  0.00373
    - offset: -0.02109014
    - vertices: p743(v40) p397(v28) p830(v5)
    - neighboring facets: f112 f160 f159
- f163
    - flags: top simplicial tested seen
    - normal:    0.1505   0.8617   0.4846
    - offset:  -1.706478
    - center: -0.04166666666666668 0.8901466666666666 1.951386666666667 
    - vertices: p540(v41) p86(v29) p331(v12)
    - neighboring facets: f119 f165 f254
    - ridges:
- f165
    - flags: bottom simplicial tested
    - normal:    0.5546   0.4498   0.7001
    - offset:   -1.75995
    - center: -0.02833333333333334 0.8412123333333333 1.995903333333333 
    - vertices: p540(v41) p497(v31) p331(v12)
    - neighboring facets: f127 f163 f202
- f175
    - flags: top simplicial
    - normal:    0.6263  -0.7795  0.01011
    - offset: -0.02744651
    - vertices: p109(v44) p328(v21) p830(v5)
    - neighboring facets: f214 f224 f177
- f177
    - flags: bottom simplicial
    - normal:    0.1514  -0.9885 0.0003163
    - offset: -0.01490183
    - vertices: p109(v44) p328(v21) p186(v14)
    - neighboring facets: f151 f178 f175
- f178
    - flags: top simplicial
    - normal:    0.2963  -0.9551 -0.0002594
    - offset: -0.01456165
    - vertices: p109(v44) p483(v34) p186(v14)
    - neighboring facets: f138 f177 f241
- f180
    - flags: bottom simplicial tested seen
    - normal:   -0.9746  -0.2239 -0.0006046
    - offset: -0.05155601
    - center: -0.05432983333333334 0.003088603333333332 1.161743 
    - vertices: p232(v45) p732(v22) p551(v9)
    - neighboring facets: f149 f263 f227
    - ridges:
- f183
    - flags: top simplicial tested seen
    - normal:   -0.9898  -0.1355 -0.04433
    - offset: -0.04601626
    - center: -0.05432983333333334 0.0256954 0.09647082666666666 
    - vertices: p632(v46) p732(v22) p933(v13)
    - neighboring facets: f144 f264 f184
    - ridges:
- f184
    - flags: top simplicial tested seen
    - normal:   -0.9931  -0.1174 -0.003726
    - offset: -0.05208173
    - center: -0.05432983333333333 0.009390533333333333 0.2063296666666667 
    - vertices: p632(v46) p781(v35) p732(v22)
    - neighboring facets: f226 f183 f261
    - ridges:
- f185
    - flags: bottom simplicial tested
    - normal:   -0.7418  -0.2164  -0.6348
    - offset: -0.02336845
    - center: -0.04279066666666666 0.02094765333333333 0.006047226666666666 
    - vertices: p117(v47) p423(v36) p933(v13)
    - neighboring facets: f144 f186 f188
- f186
    - flags: top simplicial tested seen
    - normal:   -0.3267 -0.01271  -0.9451
    - offset: -0.01053939
    - center: -0.04551886666666666 0.1658816533333334 0.002351493333333332 
    - vertices: p117(v47) p870(v25) p933(v13)
    - neighboring facets: f100 f185 f250
    - ridges:
- f187
    - flags: bottom simplicial tested
    - normal:     0.657 -0.06101  -0.7514
    - offset: 0.02145819
    - center: -0.01539284333333333 0.05938318666666667 0.01027674403333333 
    - vertices: p117(v47) p82(v23) p186(v14)
    - neighboring facets: f88 f188 f230
- f188
    - flags: top simplicial tested
    - normal:   -0.1521  -0.9177  -0.3669
    - offset: -0.002167697
    - center: -0.02405667666666667 -0.003958813333333333 0.0139681 
    - vertices: p117(v47) p423(v36) p186(v14)
    - neighboring facets: f145 f187 f185
- f192
    - flags: top simplicial
    - normal:   -0.2728  -0.9621 -0.0001981
    - offset: -0.01442548
    - vertices: p337(v48) p732(v22) p328(v21)
    - neighboring facets: f150 f193 f194
- f193
    - flags: bottom simplicial
    - normal:    -0.246  -0.9693 -0.0003426
    - offset: -0.01423902
    - vertices: p337(v48) p618(v38) p328(v21)
    - neighboring facets: f151 f192 f194
- f194
    - flags: top simplicial
    - normal:   -0.2718  -0.9624 -0.0003055
    - offset: -0.01435683
    - vertices: p337(v48) p618(v38) p732(v22)
    - neighboring facets: f152 f192 f193
- f198
    - flags: bottom simplicial tested seen
    - normal:  -0.02348  0.01987  -0.9995
    - offset: -0.01643488
    - center: -0.02971916666666667 0.8303223333333333 0.0007653266666666646 
    - vertices: p749(v49) p141(v15) p242(v10)
    - neighboring facets: f96 f232 f251
    - ridges:
- f202
    - flags: top simplicial tested seen
    - normal:    0.1956   0.3383   0.9205
    - offset:  -2.124778
    - center: -0.04166666666666675 0.8313839999999999 2.011633333333333 
    - vertices: p334(v50) p540(v41) p497(v31)
    - neighboring facets: f165 f211 f260
    - ridges:
- f204
    - flags: top simplicial tested seen
    - normal:   -0.9959 -0.001195  0.09071
    - offset: -0.2382272
    - center: -0.05452640000000003 0.09382079 2.028906666666666 
    - vertices: p484(v51) p655(v30) p551(v9)
    - neighboring facets: f132 f266 f205
    - ridges:
- f205
    - flags: top simplicial tested seen
    - normal:    -0.996 -0.0003464  0.08989
    - offset: -0.2366968
    - center: -0.0545264 0.261787 2.02995 
    - vertices: p484(v51) p566(v42) p655(v30)
    - neighboring facets: f237 f204 f255
    - ridges:
- f207
    - flags: top simplicial tested seen
    - normal:    0.5657  0.03038   0.8241
    - offset:  -1.684019
    - center: -0.02232766666666667 0.6463143333333333 2.035033333333333 
    - vertices: p794(v52) p497(v31) p442(v19)
    - neighboring facets: f131 f269 f211
    - ridges:
- f211
    - flags: top simplicial tested
    - normal:   -0.1352   0.1681   0.9765
    - offset:  -2.110444
    - center: -0.03378369999999997 0.7700296666666667 2.0241 
    - vertices: p794(v52) p334(v50) p497(v31)
    - neighboring facets: f202 f207 f236
- f212
    - flags: top simplicial
    - normal:    0.8245  -0.5401   0.1687
    - offset: -0.2971744
    - vertices: p486(v53) p358(v43) p830(v5)
    - neighboring facets: f219 f214 f213
- f213
    - flags: bottom simplicial
    - normal:     0.795  -0.5791   0.1809
    - offset: -0.3199479
    - vertices: p486(v53) p358(v43) p551(v9)
    - neighboring facets: f217 f215 f212
- f214
    - flags: bottom simplicial
    - normal:    0.6261  -0.7676   0.1372
    - offset: -0.2414775
    - vertices: p486(v53) p328(v21) p830(v5)
    - neighboring facets: f175 f212 f215
- f215
    - flags: top simplicial
    - normal:    0.5941  -0.7926   0.1373
    - offset: -0.2420703
    - vertices: p486(v53) p328(v21) p551(v9)
    - neighboring facets: f148 f213 f214
- f216
    - flags: bottom simplicial
    - normal:    0.6626  -0.2856   0.6924
    - offset:  -1.362837
    - vertices: p846(v54) p904(v32) p551(v9)
    - neighboring facets: f132 f217 f218
- f217
    - flags: top simplicial
    - normal:    0.7036  -0.3058   0.6414
    - offset:  -1.257521
    - vertices: p846(v54) p358(v43) p551(v9)
    - neighboring facets: f213 f216 f219
- f218
    - flags: top simplicial
    - normal:    0.9942 -0.04114  0.09972
    - offset: -0.1828131
    - vertices: p846(v54) p904(v32) p830(v5)
    - neighboring facets: f130 f219 f216
- f219
    - flags: bottom simplicial
    - normal:    0.9936 -0.04848   0.1017
    - offset: -0.1861327
    - vertices: p846(v54) p358(v43) p830(v5)
    - neighboring facets: f212 f218 f217
- f220
    - flags: top simplicial
    - normal:    0.7798   -0.626 0.0006477
    - offset: -0.01520517
    - vertices: p257(v55) p180(v33) p719(v20)
    - neighboring facets: f135 f221 f223
- f221
    - flags: bottom simplicial
    - normal:    0.6022  -0.7984 -0.00034
    - offset: -0.01460394
    - vertices: p257(v55) p483(v34) p719(v20)
    - neighboring facets: f138 f220 f242
- f223
    - flags: bottom simplicial
    - normal:    0.7883  -0.6153  0.00258
    - offset: -0.01692935
    - vertices: p257(v55) p180(v33) p830(v5)
    - neighboring facets: f134 f224 f220
- f224
    - flags: top simplicial
    - normal:    0.7564  -0.6541 0.003313
    - offset: -0.01774479
    - vertices: p257(v55) p109(v44) p830(v5)
    - neighboring facets: f175 f223 f243
- f226
    - flags: bottom simplicial tested seen
    - normal:   -0.9876  -0.1572 -0.001399
    - offset: -0.0521273
    - center: -0.05432983333333333 0.006883233333333333 0.317606 
    - vertices: p649(v56) p781(v35) p732(v22)
    - neighboring facets: f184 f227 f267
    - ridges:
- f227
    - flags: top simplicial tested seen
    - normal:   -0.9846  -0.1748 -0.0008555
    - offset: -0.0520491
    - center: -0.05432983333333334 0.005103679999999999 0.644599 
    - vertices: p649(v56) p232(v45) p732(v22)
    - neighboring facets: f180 f226 f262
    - ridges:
- f228
    - flags: bottom simplicial tested
    - normal:    0.8628 0.001512  -0.5056
    - offset: 0.01266057
    - center: -0.01515533333333333 0.4482436666666667 0.0005203806999999991 
    - vertices: p943(v57) p742(v39) p82(v23)
    - neighboring facets: f155 f230 f231
- f230
    - flags: top simplicial tested seen
    - normal:  0.001272 -4.796e-05       -1
    - offset: 4.131969e-05
    - center: -0.02094883333333333 0.2148410866666667 4.377366666666666e-06 
    - vertices: p943(v57) p117(v47) p82(v23)
    - neighboring facets: f187 f228 f250
    - ridges:
- f231
    - flags: top simplicial tested
    - normal:    0.8316 0.001875  -0.5553
    - offset: 0.01201554
    - center: -0.01515533333333333 0.693132 0.001281329999999999 
    - vertices: p943(v57) p742(v39) p242(v10)
    - neighboring facets: f154 f232 f228
- f232
    - flags: bottom simplicial tested seen
    - normal:    0.1593 0.004633  -0.9872
    - offset: 0.0003711367
    - center: -0.01865943333333333 0.7243283333333334 0.0007653266666666672 
    - vertices: p943(v57) p749(v49) p242(v10)
    - neighboring facets: f198 f231 f251
    - ridges:
- f236
    - flags: bottom simplicial tested seen
    - normal:   -0.6967   0.0409   0.7162
    - offset:  -1.510714
    - center: -0.04711703333333318 0.7409113333333334 2.021163333333333 
    - vertices: p798(v58) p794(v52) p334(v50)
    - neighboring facets: f211 f260 f240
    - ridges:
- f237
    - flags: bottom simplicial tested seen
    - normal:   -0.8209  0.01945   0.5707
    - offset:  -1.211127
    - center: -0.0524598 0.3341003333333333 2.035216666666666 
    - vertices: p773(v59) p566(v42) p655(v30)
    - neighboring facets: f205 f270 f239
    - ridges:
- f239
    - flags: bottom simplicial tested seen
    - normal:     -0.71   0.0357   0.7033
    - offset:  -1.481747
    - center: -0.05293339999999969 0.5159156666666668 2.027313333333333 
    - vertices: p773(v59) p798(v58) p566(v42)
    - neighboring facets: f255 f237 f240
    - ridges:
- f240
    - flags: top simplicial tested seen
    - normal:   -0.6979  0.03674   0.7153
    - offset:  -1.505978
    - center: -0.04505043333333318 0.573258 2.032096666666667 
    - vertices: p773(v59) p798(v58) p794(v52)
    - neighboring facets: f236 f269 f239
    - ridges:
- f241
    - flags: bottom simplicial
    - normal:    0.4713   -0.882 1.846e-08
    - offset: -0.01492773
    - vertices: p568(v60) p109(v44) p483(v34)
    - neighboring facets: f178 f242 f243
- f242
    - flags: top simplicial
    - normal:    0.5775  -0.8164 -0.0001618
    - offset: -0.01474086
    - vertices: p568(v60) p257(v55) p483(v34)
    - neighboring facets: f221 f241 f243
- f243
    - flags: bottom simplicial
    - normal:     0.557  -0.8305 0.0003477
    - offset: -0.0151753
    - vertices: p568(v60) p257(v55) p109(v44)
    - neighboring facets: f224 f241 f242
- f244
    - flags: bottom simplicial tricoplanar keepcentrum
    - owner of normal & centrum is facet f244
    - normal:        -0        1        0
    - offset:      -0.93
    - center: -0.04132404   0.93 1.0942364 
    - vertices: p296(v27) p54(v18) p848(v16)
    - neighboring facets: f68 f107 f246
- f245
    - flags: bottom simplicial tricoplanar
    - owner of normal & centrum is facet f244
    - normal:        -0        1        0
    - offset:      -0.93
    - center: -0.04132404   0.93 1.0942364 
    - vertices: p296(v27) p660(v17) p30(v2)
    - neighboring facets: f115 f246 f120
- f246
    - flags: top simplicial tricoplanar
    - owner of normal & centrum is facet f244
    - normal:        -0        1        0
    - offset:      -0.93
    - center: -0.04132404   0.93 1.0942364 
    - vertices: p296(v27) p54(v18) p30(v2)
    - neighboring facets: f114 f245 f244
- f249
    - flags: bottom simplicial tricoplanar keepcentrum
    - owner of normal & centrum is facet f249
    - normal:        -0       -0       -1
    - offset:         -0
    - center: -0.03423602 0.4911150519999999      0 
    - vertices: p943(v57) p870(v25) p141(v15)
    - neighboring facets: f101 f251 f250
- f250
    - flags: bottom simplicial tricoplanar
    - owner of normal & centrum is facet f249
    - normal:        -0       -0       -1
    - offset:         -0
    - center: -0.03423602 0.4911150519999999      0 
    - vertices: p943(v57) p117(v47) p870(v25)
    - neighboring facets: f186 f249 f230
- f251
    - flags: top simplicial tricoplanar
    - owner of normal & centrum is facet f249
    - normal:        -0       -0       -1
    - offset:         -0
    - center: -0.03423602 0.4911150519999999      0 
    - vertices: p943(v57) p749(v49) p141(v15)
    - neighboring facets: f198 f249 f232
- f254
    - flags: bottom simplicial tricoplanar keepcentrum
    - owner of normal & centrum is facet f254
    - normal:        -1       -0       -0
    - offset:     -0.055
    - center: -0.055 0.6023255744444443 1.042263506666667 
    - vertices: p798(v58) p540(v41) p86(v29)
    - neighboring facets: f163 f257 f260
- f255
    - flags: bottom simplicial tricoplanar
    - owner of normal & centrum is facet f254
    - normal:        -1       -0       -0
    - offset:     -0.055
    - center: -0.055 0.6023255744444443 1.042263506666667 
    - vertices: p798(v58) p484(v51) p566(v42)
    - neighboring facets: f205 f239 f266
- f256
    - flags: bottom simplicial tricoplanar
    - owner of normal & centrum is facet f254
    - normal:        -1       -0       -0
    - offset:     -0.055
    - center: -0.055 0.6023255744444443 1.042263506666667 
    - vertices: p798(v58) p84(v24) p933(v13)
    - neighboring facets: f100 f264 f258
- f257
    - flags: bottom simplicial tricoplanar
    - owner of normal & centrum is facet f254
    - normal:        -1       -0       -0
    - offset:     -0.055
    - center: -0.055 0.6023255744444443 1.042263506666667 
    - vertices: p798(v58) p86(v29) p386(v26)
    - neighboring facets: f121 f259 f254
- f258
    - flags: top simplicial tricoplanar
    - owner of normal & centrum is facet f254
    - normal:        -1       -0       -0
    - offset:     -0.055
    - center: -0.055 0.6023255744444443 1.042263506666667 
    - vertices: p798(v58) p84(v24) p676(v6)
    - neighboring facets: f95 f259 f256
- f259
    - flags: bottom simplicial tricoplanar
    - owner of normal & centrum is facet f254
    - normal:        -1       -0       -0
    - offset:     -0.055
    - center: -0.055 0.6023255744444443 1.042263506666667 
    - vertices: p798(v58) p386(v26) p676(v6)
    - neighboring facets: f108 f258 f257
- f260
    - flags: bottom simplicial tricoplanar
    - owner of normal & centrum is facet f254
    - normal:        -1       -0       -0
    - offset:     -0.055
    - center: -0.055 0.6023255744444443 1.042263506666667 
    - vertices: p798(v58) p334(v50) p540(v41)
    - neighboring facets: f202 f254 f236
- f261
    - flags: bottom simplicial tricoplanar
    - owner of normal & centrum is facet f254
    - normal:        -1       -0       -0
    - offset:     -0.055
    - center: -0.055 0.6023255744444443 1.042263506666667 
    - vertices: p798(v58) p632(v46) p781(v35)
    - neighboring facets: f184 f267 f264
- f262
    - flags: bottom simplicial tricoplanar
    - owner of normal & centrum is facet f254
    - normal:        -1       -0       -0
    - offset:     -0.055
    - center: -0.055 0.6023255744444443 1.042263506666667 
    - vertices: p798(v58) p649(v56) p232(v45)
    - neighboring facets: f227 f263 f267
- f263
    - flags: bottom simplicial tricoplanar
    - owner of normal & centrum is facet f254
    - normal:        -1       -0       -0
    - offset:     -0.055
    - center: -0.055 0.6023255744444443 1.042263506666667 
    - vertices: p798(v58) p232(v45) p551(v9)
    - neighboring facets: f180 f266 f262
- f264
    - flags: top simplicial tricoplanar
    - owner of normal & centrum is facet f254
    - normal:        -1       -0       -0
    - offset:     -0.055
    - center: -0.055 0.6023255744444443 1.042263506666667 
    - vertices: p798(v58) p632(v46) p933(v13)
    - neighboring facets: f183 f256 f261
- f266
    - flags: top simplicial tricoplanar
    - owner of normal & centrum is facet f254
    - normal:        -1       -0       -0
    - offset:     -0.055
    - center: -0.055 0.6023255744444443 1.042263506666667 
    - vertices: p798(v58) p484(v51) p551(v9)
    - neighboring facets: f204 f263 f255
- f267
    - flags: top simplicial tricoplanar
    - owner of normal & centrum is facet f254
    - normal:        -1       -0       -0
    - offset:     -0.055
    - center: -0.055 0.6023255744444443 1.042263506666667 
    - vertices: p798(v58) p649(v56) p781(v35)
    - neighboring facets: f226 f261 f262
- f269
    - flags: top simplicial tricoplanar keepcentrum
    - owner of normal & centrum is facet f269
    - normal:        -0        0        1
    - offset:      -2.04
    - center: -0.0385906 0.41358425   2.04 
    - vertices: p773(v59) p794(v52) p442(v19)
    - neighboring facets: f207 f270 f240
- f270
    - flags: bottom simplicial tricoplanar
    - owner of normal & centrum is facet f269
    - normal:        -0        0        1
    - offset:      -2.04
    - center: -0.0385906 0.41358425   2.04 
    - vertices: p773(v59) p655(v30) p442(v19)
    - neighboring facets: f133 f269 f237
